11011 01001. 1001

10111011, 11810, 111111 000 016011 uui· ot Spiritum S. 0110001 10111110 som-
101001 001160110, 10111 Filius 110601, 0110111, 8860.1.; 001001 000100 1111010
486016. 111. - Uritur 11100000 0001001101, 848016.
66110111611000- 4111016161 Valentinus 001011101ἰο 110010110 1110-
6111οἰ111001 bei 0011111 repugnare 000· 111, 63601111 110 10111110 1011110 110·
1006101, 4120111, 0110060111 iu Christi 01010 induxit, 8481.106.; 010010110110,
dieto: 010 10 61110 010, 416106, 01 686 016. 10001.; proprium 001100 suin
611111 61111110 1111110111 06 1010010110 01000111 impertivit, 148 016., 010011-
01600111010 00101001010101001, 486 · 1010 01611100, 598 1. 016. 011666
10. 116. (rb. otir'm 61010000001; 1010-
Universum, 86211. - etr. 1110601. 100 010110 10000 0000011, 328 0. 116.;
Omnia. 011000 611001010 001 0010 00 0000101
111100. - 11100 6000, 460111. 412 016. 0101 nugator mimos 01006106, 6960111.
4181. 1. 464 116. 134 0. 1. 136 r. 116,; 666 0161 Christum 01006001 1011011101·
00001110 1011011100 01101001 001 001, 666 111 ungatur 0010 60001, 2661ος 011-
0010 61111011 1111010 Deitatis 00101001-
10011011110100011 111111111 0001000001

016.; 001 Trinitatis 611101110, 18210.
116016. 13610. 1161.016.; 000 11111-
11111 110111 116600, 18210. 116 md.; 101000 contendit. 666016. 622106. -
0010 601 10100, 46 0111. ; 0001 111100, 16. 111010100434106. 6961. 116. 602016.
3660111. 412016. 4180.1.; 001010 101· 10101, 64106. 1660. i. 128106.; 11101
bum, 46 0111. 3621. 016. 494106. 134 congruentor 6101111 Christus, 10116000
116, 16100 unigenitum, 3660111, 001 81111100 001, 118106.

111010, 460111. 3621. tub, 010 snpien- 10101110, 634 016.
111,6621.106.;,100006611010101600 Ι1011111. 11111110, 218 01.,0101100;
01 6010101 0000, 66211. 884 01101 10 011. 100111061110.

00 1110100 0111 0001, 8620161 81111- 10110 6111011 0111110101110010060 110
101 S. 1000, 1160111, 10110110010161, 6101101, 666116. 662 10.; 111100 016001
1006 00010 001, 01 601,111 11010 0001 101001110,1010001 611011011, Putrem
011, 11011100 01 0000060110111111,1ἕ141. 1101 00111, 1011 01 11000111, 666016. 662
t.; 6600 110 00000 100 6100101, 1161. 10.; 6001 1000 1011160100 0111 11011
1.; 000 10000010, 81211.; 61101 et 11· 1001, 3340111.

1110 unum 0001, 62 0. i· 466011. 61810. 10011 1000010100,16.600011001; qui·
01110. 16, 36.; 60101 01 111100 600 bus errantibus 10011 11011060, about.
1016001ου01,11106010161101101000 01101 60010 samosateno 00111 10011
1100 611101,01111101 Filius 0110001100 01011060, 262106.

61101, 001 1010 eorum 011011 111, 466 10160011,- 1016011 bominum 1016 01

1116.; 61101 01611100 6110 0001, 006 0000
11000 0110111 6111011110,’6180111.; 001
¹ art 1111011 1111111011 010016101011, 562
ui. 0111100οι 6011 10 600 0111611110
100 00000 60 6011101600 6101111, 614
r. 106. - 11011101110110 00010 60000010
610011, 886 1. 106. 86610. 62410. 936
106.; trioni 6111010 00001 11010010010
01011111, 112106, 01 6111010 01 filium
11000110 01011001100 10111010 111 0010
610101, quemadmodum 00110010010
111110 0110110100, 486116. 011, - 011.
nitro.

Urnoup 0101 011110-1111000 damnatur, 822

1110100 100 00000 Deo attribui 101011,
6481. 1.11.; 011011 0001000110 0001 10161
6111011110 0101010 11011 001, 8661.1.;
6001010110601111 001011 0 lieo 00110-

0110 01 01010 Virginis 1011001111,
610 016.

101111ἔο1 rupto-brinnon 6111001οε, 822

111011101101,148016.; 0601161110οι

10110 111 01 11001060 16 10001010 00
616001 exponitur, 13610. 016.; hominen
1016011 101101 01111 61111100001 10011111
potiendo producunt, 6810.; 0001101160

10161 60111000 0101101611 601, 368- .

36210. - 10161 (ῥήματα) Scriptum

116010 611100 scripti, 44016, 10161 “

1161011 10 Scriptura 6101101 60 1100-
001110 01 mandaris, 1010 101 proprium
10 sotum 001001 1016001 Deus 061111,
366106. - Verbum 601 quomodo
0 00160 bominum 6160111 at quomodo
01 00011001, 368-36210.; 000 110 1ο-
01101, 01111101 101101, 06 1011111000
110061110, 364 106. 011. 6661.1.; 10
Scriptum 10011000 attendendum, 100060
60 611101101010161 10101101,101060 60
6001011110, 162101 scripturn 1001101
6010161 0110 10000600 0110010 10101·
101, 0111010 subiungit, 110110110101
60100 1101011 0111001100 1010 60 0100
6111011110 1010100οῑ, 00010110116010-
11100 61010101, 366 0111. 01.; Scriptu-
110 1016111 100616111101 01 Putre 60101
0000 01 iprum extremis temporibus 01

631

 

