888

, 111 minutium 1118111, 118Ι

11118118 11,18111 888 88.· -8111
1818181 ιι 11111 Christi, 1881 81111-
1111 111 81111 11 1111811 M 1118-
1118111181811111118, 8181111· ,81111
81111188111118111818 1111 1188111,
818881 81111 811111 111818 111111·
118 1111811811, 818881 111. 11111
8111. ·- 81111 8118811 1 11111811
811181111, 888188. 818.
0111111111, 884118. 88811. 88111.
81111811, 18 lustramentum.
81111111 1181118181 1ι 11181111ιί811,
181. 88. 18888, 11118111 11111 11

18111111181111111111111111,11111 11 ·

181111 8181 1111111181 1111, 111811-
1881 81118111, 181.88.11111118111111
81 11188, 18 88 81 8111181811 11
Spiritum 8,, 1881118, 11. - 111. 1388

orthodoxi 1811111111 811111111, 118
1 8811111 11818 818181, 1881111111-
1111111111 81ι88881818181 111181 1111·
1111 811111 1811111 11ι8181811111111-
1111, 88888, 1111111 11111881111, 111811
88111118 1111 811111 88111818. 111
8181 111111 111, 8881. 881 11111111·
18188181818 1111111 1818111 818811,
88888.

81111118 11 118111 88181111 11181818
888181, 88818.

81111111. ·- 01811111 818111181111111·
811111 81 11181888 1811111 111111,
11811811.

8111111111 11818. ιιι 188111111-
ιιιιι, 888881 18111111 S. 118181-
111111,18.1 1111181111 8111111118 8111
ptr 11111811118111111, 8141. 1.1 111

,118 18 11 1111111111 opinione coaevi
1111111111 811111, 8881111. 888 88.

111181111. - 1818 1118111811,
118 1111 11118118 11111111, 818181
11118111 18111 18811 8111111, 8881.
1181 888111 811111 11118 111181188,
1111811 11181 -111 18111881 111 pet·-
8111 ioco 1111811118 8811118 8111111-
11811, 181881 (18111111 11811· pm·
tit 1111111181 18 111181118, 8188,
itt 111111 11118 111111 1111118 1111811·
1111, 81118. 8888.

1111, - 11111888111118 111111 118·
81118888 1111 1111111188, 8888, 118
181 111111 111 11111111 111111, 8888.
881118118188 18811· 88111181
11111818 11811111111111 1111 81181,
111ξὲ Ι118 81811111 partium 11111811,

1
1111111111,11111111111μ-11111-
81118 811 8111 111 11181111111111111
titt. 8181811 „tt 18111

181 1111111111 11111, 1181811811 ¹
1111111111181 11 8111111 8111111111
11888, 118181 1111 fnit puttqu

1188111111 1881 118), 1111 1111111111 ue

81111181, 118181 111, eti·- 111111

88111111811111118. 111 1111111118,

111111111111,18188.18111.181ι

1111111111111 111811 11181 11 M 'tit

11811181 111 811811 1111 11181111

118 88 8,1111118 1111 1111111111,ιῖ11

11ι11 sapientia M participa, 811

88181111 1181111111 181· 111 11

8118 11111111,11811. 1118111111 ,

1111818118111111111111111 1181111· 1

111 1111 8181111, 1181811,- 81111111 ’

81111111811111111118 diunt, 1111 11·

1111111111111 111 11181111, 81118

1181111188,- 1111168111118 111

1111 participatione 811111 effectu 181

81811, 18811. 11888.

11111ι1ι.·- mantilis adun
818111111111111118811,88111.1

8111181118-111111881111111 vim
1111181118 81111, 1881881 81111111
111 88118 1111181111 , 111 11111 111111-
1181111,8811111,111181811181888111·
11811111 11111111, 81118,

111118. - 111 1118111 1111111 11181-
118 118 11111811 1188111111, 11118
11118818181181 11111111 panim
111 1111111811, 11888.ἕ1881,11·,
1111111118 811 11111 181 111 111811
111111118118,11888.- irim 11

· 11111 11 11111 1111118811 1111111111

1811811181 ιιι, 8881. 188- 1111111

· 8811111 18 81111111 11811 1 81111181

1111111111,8111.1.111118111118 111 1
1118811 8118111111811111111 scriptun
88111, 8881. 88. 888881 111111 ιιι
81111118818811811181188888·
8““““’8ξ888’1..““1“881.1

1
{iiiiii 1111181111
11181, 888118. - 11111811111111111
8111111811111 1111811818 1111188111-
1118111, 8811. 81 1 1111111811111111111
1111111ιί 18881111, 881881 111111
1111118111 111188 18 1811818818 811·
11118 11111111, 880881 1188111111111.
1111118111 11 1111181 111118118 81111
11111118 ιι 1811111118 811111111, 881
1818, 888188. 88. 88111.

111181181111811.

11111 118111111811118111111,18811.1
11111 188 811 18118 11111, 118111
111181111, 188181 111111 181 8111111
118 1111181111811811, 1881818111-
111111 1181111 811111, 111 18111 ιιι
1111 11111,1111111 11881111 111111
1181111111 1811111111111, 18118111·

 

